,True_label,Pseudo_label,Domain label
0,0,0,0
1,0,0,0
2,0,0,0
3,0,0,0
4,0,0,0
5,0,0,0
6,0,0,0
7,0,0,0
8,0,0,0
9,0,0,0
10,0,0,0
11,0,0,0
12,0,0,0
13,0,0,0
14,0,0,0
15,0,0,0
16,0,0,0
17,0,0,0
18,0,0,0
19,0,0,0
20,0,0,0
21,0,0,0
22,0,0,0
23,0,0,0
24,0,0,0
25,0,0,0
26,0,0,0
27,0,0,0
28,0,0,0
29,0,0,0
30,0,0,0
31,0,0,0
32,0,0,0
33,0,0,0
34,0,0,0
35,0,0,0
36,0,0,0
37,0,0,0
38,0,0,0
39,0,0,0
40,0,0,0
41,0,0,0
42,0,0,0
43,0,0,0
44,0,0,0
45,0,0,0
46,0,0,0
47,0,0,0
48,0,0,0
49,0,0,0
50,0,0,0
51,0,0,0
52,0,0,0
53,0,0,0
54,0,0,0
55,0,0,0
56,0,0,0
57,0,0,0
58,0,0,0
59,0,0,0
60,0,0,0
61,0,0,0
62,0,0,0
63,0,0,0
64,0,0,0
65,0,0,0
66,0,0,0
67,0,0,0
68,0,0,0
69,0,0,0
70,0,0,0
71,0,0,0
72,0,0,0
73,0,0,0
74,0,0,0
75,0,0,0
76,0,0,0
77,0,0,0
78,0,0,0
79,0,0,0
80,0,0,0
81,0,0,0
82,0,0,0
83,0,0,0
84,0,0,0
85,0,0,0
86,0,0,0
87,0,0,0
88,0,0,0
89,0,0,0
90,0,0,0
91,0,0,0
92,1,1,0
93,1,1,0
94,1,1,0
95,1,1,0
96,1,1,0
97,1,1,0
98,1,1,0
99,1,1,0
100,1,1,0
101,1,1,0
102,1,1,0
103,1,1,0
104,1,1,0
105,1,1,0
106,1,1,0
107,1,1,0
108,1,1,0
109,1,1,0
110,1,1,0
111,1,1,0
112,1,1,0
113,1,1,0
114,1,1,0
115,1,1,0
116,1,1,0
117,1,1,0
118,1,1,0
119,1,1,0
120,1,1,0
121,1,1,0
122,1,1,0
123,1,1,0
124,1,1,0
125,1,1,0
126,1,1,0
127,1,1,0
128,1,1,0
129,1,1,0
130,1,1,0
131,1,1,0
132,1,1,0
133,1,1,0
134,1,1,0
135,1,1,0
136,1,1,0
137,1,1,0
138,1,1,0
139,1,1,0
140,1,1,0
141,1,1,0
142,1,1,0
143,1,1,0
144,1,1,0
145,1,1,0
146,1,1,0
147,1,1,0
148,1,1,0
149,1,1,0
150,1,1,0
151,1,1,0
152,1,1,0
153,1,1,0
154,1,1,0
155,1,1,0
156,1,1,0
157,1,1,0
158,1,1,0
159,1,1,0
160,1,1,0
161,1,1,0
162,1,1,0
163,1,1,0
164,1,1,0
165,1,1,0
166,1,1,0
167,1,1,0
168,1,1,0
169,1,1,0
170,1,1,0
171,1,1,0
172,1,1,0
173,1,1,0
174,2,2,0
175,2,2,0
176,2,2,0
177,2,2,0
178,2,2,0
179,2,2,0
180,2,2,0
181,2,2,0
182,2,2,0
183,2,2,0
184,2,2,0
185,2,2,0
186,2,2,0
187,2,2,0
188,2,2,0
189,2,2,0
190,2,2,0
191,2,2,0
192,2,2,0
193,2,2,0
194,2,2,0
195,2,2,0
196,2,2,0
197,2,2,0
198,2,2,0
199,2,2,0
200,2,2,0
201,2,2,0
202,2,2,0
203,2,2,0
204,2,2,0
205,2,2,0
206,2,2,0
207,2,2,0
208,2,2,0
209,2,2,0
210,2,2,0
211,2,2,0
212,2,2,0
213,2,2,0
214,2,2,0
215,2,2,0
216,2,2,0
217,2,2,0
218,2,2,0
219,2,2,0
220,2,2,0
221,2,2,0
222,2,2,0
223,2,2,0
224,2,2,0
225,2,2,0
226,2,2,0
227,2,2,0
228,2,2,0
229,2,2,0
230,2,2,0
231,2,2,0
232,2,2,0
233,2,2,0
234,2,2,0
235,2,2,0
236,2,2,0
237,2,2,0
238,2,2,0
239,2,2,0
240,2,2,0
241,2,2,0
242,2,2,0
243,2,2,0
244,2,2,0
245,2,2,0
246,3,3,0
247,3,3,0
248,3,3,0
249,3,3,0
250,3,3,0
251,3,3,0
252,3,3,0
253,3,3,0
254,3,3,0
255,3,3,0
256,3,3,0
257,3,3,0
258,3,3,0
259,3,3,0
260,3,3,0
261,3,3,0
262,3,3,0
263,3,3,0
264,3,3,0
265,3,3,0
266,3,3,0
267,3,3,0
268,3,3,0
269,3,3,0
270,3,3,0
271,3,3,0
272,3,3,0
273,3,3,0
274,3,3,0
275,3,3,0
276,3,3,0
277,3,3,0
278,3,3,0
279,3,3,0
280,3,3,0
281,3,3,0
282,3,3,0
283,3,3,0
284,3,3,0
285,3,3,0
286,3,3,0
287,3,3,0
288,3,3,0
289,3,3,0
290,3,3,0
291,3,3,0
292,3,3,0
293,3,3,0
294,3,3,0
295,3,3,0
296,3,3,0
297,3,3,0
298,3,3,0
299,3,3,0
300,3,3,0
301,3,3,0
302,3,3,0
303,3,3,0
304,3,3,0
305,3,3,0
306,3,3,0
307,3,3,0
308,3,3,0
309,3,3,0
310,3,3,0
311,3,3,0
312,3,3,0
313,3,3,0
314,3,3,0
315,3,3,0
316,3,3,0
317,3,3,0
318,3,3,0
319,3,3,0
320,3,3,0
321,3,3,0
322,3,3,0
323,3,3,0
324,3,3,0
325,3,3,0
326,3,3,0
327,3,3,0
328,4,4,0
329,4,4,0
330,4,4,0
331,4,4,0
332,4,4,0
333,4,4,0
334,4,4,0
335,4,4,0
336,4,4,0
337,4,4,0
338,4,4,0
339,4,4,0
340,4,4,0
341,4,4,0
342,4,4,0
343,4,4,0
344,4,4,0
345,4,4,0
346,4,4,0
347,4,4,0
348,4,4,0
349,4,4,0
350,4,4,0
351,4,4,0
352,4,4,0
353,4,4,0
354,4,4,0
355,4,4,0
356,4,4,0
357,4,4,0
358,4,4,0
359,4,4,0
360,4,4,0
361,4,4,0
362,4,4,0
363,4,4,0
364,5,5,0
365,5,5,0
366,5,5,0
367,5,5,0
368,5,5,0
369,5,5,0
370,5,5,0
371,5,5,0
372,5,5,0
373,5,5,0
374,5,5,0
375,5,5,0
376,5,5,0
377,5,5,0
378,5,5,0
379,5,5,0
380,5,5,0
381,5,5,0
382,5,5,0
383,5,5,0
384,5,5,0
385,5,5,0
386,5,5,0
387,5,5,0
388,5,5,0
389,5,5,0
390,5,5,0
391,5,5,0
392,5,5,0
393,5,5,0
394,5,5,0
395,5,5,0
396,5,5,0
397,5,5,0
398,5,5,0
399,5,5,0
400,5,5,0
401,5,5,0
402,5,5,0
403,5,5,0
404,5,5,0
405,5,5,0
406,5,5,0
407,5,5,0
408,5,5,0
409,5,5,0
410,5,5,0
411,5,5,0
412,5,5,0
413,5,5,0
414,5,5,0
415,5,5,0
416,5,5,0
417,5,5,0
418,5,5,0
419,5,5,0
420,5,5,0
421,5,5,0
422,5,5,0
423,5,5,0
424,5,5,0
425,5,5,0
426,5,5,0
427,5,5,0
428,5,5,0
429,5,5,0
430,5,5,0
431,5,5,0
432,5,5,0
433,5,5,0
434,5,5,0
435,5,5,0
436,5,5,0
437,5,5,0
438,5,5,0
439,5,5,0
440,5,5,0
441,5,5,0
442,5,5,0
443,5,5,0
444,5,5,0
445,5,5,0
446,5,5,0
447,5,5,0
448,5,5,0
449,5,5,0
450,5,5,0
451,5,5,0
452,5,5,0
453,5,5,0
454,5,5,0
455,5,5,0
456,5,5,0
457,5,5,0
458,6,6,0
459,6,6,0
460,6,6,0
461,6,6,0
462,6,6,0
463,6,6,0
464,6,6,0
465,6,6,0
466,6,6,0
467,6,6,0
468,6,6,0
469,6,6,0
470,6,6,0
471,6,6,0
472,6,6,0
473,6,6,0
474,6,6,0
475,6,6,0
476,6,6,0
477,6,6,0
478,6,6,0
479,6,6,0
480,6,6,0
481,6,6,0
482,6,6,0
483,6,6,0
484,6,6,0
485,6,6,0
486,6,6,0
487,6,6,0
488,6,6,0
489,6,6,0
490,6,6,0
491,6,6,0
492,6,6,0
493,6,6,0
494,6,6,0
495,6,6,0
496,6,6,0
497,6,6,0
498,6,6,0
499,6,6,0
500,6,6,0
501,6,6,0
502,6,6,0
503,6,6,0
504,6,6,0
505,6,6,0
506,6,6,0
507,6,6,0
508,6,6,0
509,6,6,0
510,6,6,0
511,6,6,0
512,6,6,0
513,6,6,0
514,6,6,0
515,6,6,0
516,6,6,0
517,6,6,0
518,6,6,0
519,6,6,0
520,6,6,0
521,6,6,0
522,6,6,0
523,6,6,0
524,6,6,0
525,6,6,0
526,6,6,0
527,6,6,0
528,6,6,0
529,6,6,0
530,6,6,0
531,6,6,0
532,6,6,0
533,6,6,0
534,6,6,0
535,6,6,0
536,6,6,0
537,6,6,0
538,6,6,0
539,6,6,0
540,6,6,0
541,6,6,0
542,6,6,0
543,6,6,0
544,6,6,0
545,6,6,0
546,6,6,0
547,6,6,0
548,6,6,0
549,7,7,0
550,7,7,0
551,7,7,0
552,7,7,0
553,7,7,0
554,7,7,0
555,7,7,0
556,7,7,0
557,7,7,0
558,7,7,0
559,7,7,0
560,7,7,0
561,7,7,0
562,7,7,0
563,7,7,0
564,7,7,0
565,7,7,0
566,7,7,0
567,7,7,0
568,7,7,0
569,7,7,0
570,7,7,0
571,7,7,0
572,7,7,0
573,7,7,0
574,7,7,0
575,7,7,0
576,7,7,0
577,7,7,0
578,7,7,0
579,7,7,0
580,7,7,0
581,7,7,0
582,7,7,0
583,7,7,0
584,7,7,0
585,7,7,0
586,7,7,0
587,7,7,0
588,7,7,0
589,7,7,0
590,7,7,0
591,7,7,0
592,7,7,0
593,7,7,0
594,7,7,0
595,7,7,0
596,7,7,0
597,7,7,0
598,7,7,0
599,7,7,0
600,7,7,0
601,7,7,0
602,7,7,0
603,7,7,0
604,7,7,0
605,7,7,0
606,7,7,0
607,7,7,0
608,7,7,0
609,7,7,0
610,7,7,0
611,7,7,0
612,7,7,0
613,7,7,0
614,7,7,0
615,7,7,0
616,7,7,0
617,7,7,0
618,7,7,0
619,7,7,0
620,7,7,0
621,7,7,0
622,7,7,0
623,7,7,0
624,7,7,0
625,7,7,0
626,7,7,0
627,7,7,0
628,7,7,0
629,7,7,0
630,7,7,0
631,7,7,0
632,7,7,0
633,7,7,0
634,7,7,0
635,7,7,0
636,7,7,0
637,7,7,0
638,7,7,0
639,7,7,0
640,7,7,0
641,7,7,0
642,7,7,0
643,7,7,0
644,7,7,0
645,7,7,0
646,8,8,0
647,8,8,0
648,8,8,0
649,8,8,0
650,8,8,0
651,8,8,0
652,8,8,0
653,8,8,0
654,8,8,0
655,8,8,0
656,8,8,0
657,8,8,0
658,8,8,0
659,8,8,0
660,8,8,0
661,8,8,0
662,8,8,0
663,8,8,0
664,8,8,0
665,8,8,0
666,8,8,0
667,8,8,0
668,8,8,0
669,8,8,0
670,8,8,0
671,8,8,0
672,8,8,0
673,8,8,0
674,8,8,0
675,8,8,0
676,8,8,0
677,8,8,0
678,8,8,0
679,8,8,0
680,8,8,0
681,8,8,0
682,8,8,0
683,8,8,0
684,8,8,0
685,8,8,0
686,8,8,0
687,8,8,0
688,8,8,0
689,8,8,0
690,8,8,0
691,8,8,0
692,8,8,0
693,8,8,0
694,8,8,0
695,8,8,0
696,8,8,0
697,8,8,0
698,8,8,0
699,8,8,0
700,8,8,0
701,8,8,0
702,8,8,0
703,8,8,0
704,8,8,0
705,8,8,0
706,8,8,0
707,8,8,0
708,8,8,0
709,8,8,0
710,8,8,0
711,8,8,0
712,8,8,0
713,8,8,0
714,8,8,0
715,8,8,0
716,8,8,0
717,8,8,0
718,8,8,0
719,8,8,0
720,8,8,0
721,8,8,0
722,8,8,0
723,8,8,0
724,8,8,0
725,8,8,0
726,8,8,0
727,8,8,0
728,8,8,0
729,8,8,0
730,8,8,0
731,8,8,0
732,8,8,0
733,8,8,0
734,8,8,0
735,8,8,0
736,8,8,0
737,8,8,0
738,8,8,0
739,8,8,0
740,8,8,0
741,8,8,0
742,8,8,0
743,9,9,0
744,9,9,0
745,9,9,0
746,9,9,0
747,9,9,0
748,9,9,0
749,9,9,0
750,9,9,0
751,9,9,0
752,9,9,0
753,9,9,0
754,9,9,0
755,9,9,0
756,9,9,0
757,9,9,0
758,9,9,0
759,9,9,0
760,9,9,0
761,9,9,0
762,9,9,0
763,9,9,0
764,9,9,0
765,9,9,0
766,9,9,0
767,9,9,0
768,9,9,0
769,9,9,0
770,9,9,0
771,9,9,0
772,9,9,0
773,9,9,0
774,9,9,0
775,9,9,0
776,9,9,0
777,9,9,0
778,9,9,0
779,9,9,0
780,9,9,0
781,9,9,0
782,9,9,0
783,9,9,0
784,9,9,0
785,9,9,0
786,9,9,0
787,9,9,0
788,9,9,0
789,9,9,0
790,9,9,0
791,9,9,0
792,9,9,0
793,9,9,0
794,9,9,0
795,9,9,0
796,9,9,0
797,9,9,0
798,9,9,0
799,9,9,0
800,9,9,0
801,9,9,0
802,9,9,0
803,9,9,0
804,9,9,0
805,9,9,0
806,9,9,0
807,9,9,0
808,9,9,0
809,9,9,0
810,9,9,0
811,9,9,0
812,9,9,0
813,9,9,0
814,9,9,0
815,9,9,0
816,9,9,0
817,9,9,0
818,9,9,0
819,9,9,0
820,9,9,0
821,9,9,0
822,9,9,0
823,9,9,0
824,10,10,0
825,10,10,0
826,10,10,0
827,10,10,0
828,10,10,0
829,10,10,0
830,10,10,0
831,10,10,0
832,10,10,0
833,10,10,0
834,10,10,0
835,10,10,0
836,10,10,0
837,10,10,0
838,10,10,0
839,10,10,0
840,10,10,0
841,10,10,0
842,10,10,0
843,10,10,0
844,10,10,0
845,10,10,0
846,10,10,0
847,10,10,0
848,10,10,0
849,10,10,0
850,10,10,0
851,10,10,0
852,10,10,0
853,10,10,0
854,10,10,0
855,10,10,0
856,10,10,0
857,10,10,0
858,10,10,0
859,10,10,0
860,10,10,0
861,10,10,0
862,10,10,0
863,10,10,0
864,10,10,0
865,10,10,0
866,10,10,0
867,10,10,0
868,10,10,0
869,10,10,0
870,10,10,0
871,10,10,0
872,10,10,0
873,10,10,0
874,10,10,0
875,10,10,0
876,10,10,0
877,10,10,0
878,10,10,0
879,10,10,0
880,10,10,0
881,10,10,0
882,10,10,0
883,10,10,0
884,10,10,0
885,10,10,0
886,10,10,0
887,10,10,0
888,10,10,0
889,10,10,0
890,10,10,0
891,10,10,0
892,10,10,0
893,10,10,0
894,10,10,0
895,10,10,0
896,10,10,0
897,10,10,0
898,10,10,0
899,10,10,0
900,10,10,0
901,10,10,0
902,10,10,0
903,10,10,0
904,10,10,0
905,10,10,0
906,10,10,0
907,10,10,0
908,10,10,0
909,10,10,0
910,10,10,0
911,10,10,0
912,10,10,0
913,10,10,0
914,10,10,0
915,10,10,0
916,10,10,0
917,10,10,0
918,10,10,0
919,10,10,0
920,10,10,0
921,10,10,0
922,10,10,0
923,11,11,0
924,11,11,0
925,11,11,0
926,11,11,0
927,11,11,0
928,11,11,0
929,11,11,0
930,11,11,0
931,11,11,0
932,11,11,0
933,11,11,0
934,11,11,0
935,11,11,0
936,11,11,0
937,11,11,0
938,11,11,0
939,11,11,0
940,11,11,0
941,11,11,0
942,11,11,0
943,11,11,0
944,11,11,0
945,11,11,0
946,11,11,0
947,11,11,0
948,11,11,0
949,11,11,0
950,11,11,0
951,11,11,0
952,11,11,0
953,11,11,0
954,11,11,0
955,11,11,0
956,11,11,0
957,11,11,0
958,11,11,0
959,11,11,0
960,11,11,0
961,11,11,0
962,11,11,0
963,11,11,0
964,11,11,0
965,11,11,0
966,11,11,0
967,11,11,0
968,11,11,0
969,11,11,0
970,11,11,0
971,11,11,0
972,11,11,0
973,11,11,0
974,11,11,0
975,11,11,0
976,11,11,0
977,11,11,0
978,11,11,0
979,11,11,0
980,11,11,0
981,11,11,0
982,11,11,0
983,11,11,0
984,11,11,0
985,11,11,0
986,11,11,0
987,11,11,0
988,11,11,0
989,11,11,0
990,11,11,0
991,11,11,0
992,11,11,0
993,11,11,0
994,11,11,0
995,11,11,0
996,11,11,0
997,11,11,0
998,11,11,0
999,11,11,0
1000,11,11,0
1001,11,11,0
1002,11,11,0
1003,11,11,0
1004,11,11,0
1005,11,11,0
1006,11,11,0
1007,11,11,0
1008,11,11,0
1009,11,11,0
1010,11,11,0
1011,11,11,0
1012,11,11,0
1013,11,11,0
1014,11,11,0
1015,11,11,0
1016,11,11,0
1017,11,11,0
1018,11,11,0
1019,11,11,0
1020,11,11,0
1021,11,11,0
1022,11,11,0
1023,12,12,0
1024,12,12,0
1025,12,12,0
1026,12,12,0
1027,12,12,0
1028,12,12,0
1029,12,12,0
1030,12,12,0
1031,12,12,0
1032,12,12,0
1033,12,12,0
1034,12,12,0
1035,12,12,0
1036,12,12,0
1037,12,12,0
1038,12,12,0
1039,12,12,0
1040,12,12,0
1041,12,12,0
1042,12,12,0
1043,12,12,0
1044,12,12,0
1045,12,12,0
1046,12,12,0
1047,12,12,0
1048,12,12,0
1049,12,12,0
1050,12,12,0
1051,12,12,0
1052,12,12,0
1053,12,12,0
1054,12,12,0
1055,12,12,0
1056,12,12,0
1057,12,12,0
1058,12,12,0
1059,12,12,0
1060,12,12,0
1061,12,12,0
1062,12,12,0
1063,12,12,0
1064,12,12,0
1065,12,12,0
1066,12,12,0
1067,12,12,0
1068,12,12,0
1069,12,12,0
1070,12,12,0
1071,12,12,0
1072,12,12,0
1073,12,12,0
1074,12,12,0
1075,12,12,0
1076,12,12,0
1077,12,12,0
1078,12,12,0
1079,12,12,0
1080,12,12,0
1081,12,12,0
1082,12,12,0
1083,12,12,0
1084,12,12,0
1085,12,12,0
1086,12,12,0
1087,12,12,0
1088,12,12,0
1089,12,12,0
1090,12,12,0
1091,12,12,0
1092,12,12,0
1093,12,12,0
1094,12,12,0
1095,12,12,0
1096,12,12,0
1097,12,12,0
1098,12,12,0
1099,12,12,0
1100,12,12,0
1101,12,12,0
1102,12,12,0
1103,12,12,0
1104,12,12,0
1105,12,12,0
1106,12,12,0
1107,12,12,0
1108,12,12,0
1109,12,12,0
1110,12,12,0
1111,12,12,0
1112,12,12,0
1113,12,12,0
1114,12,12,0
1115,12,12,0
1116,12,12,0
1117,12,12,0
1118,12,12,0
1119,12,12,0
1120,12,12,0
1121,12,12,0
1122,12,12,0
1123,13,13,0
1124,13,13,0
1125,13,13,0
1126,13,13,0
1127,13,13,0
1128,13,13,0
1129,13,13,0
1130,13,13,0
1131,13,13,0
1132,13,13,0
1133,13,13,0
1134,13,13,0
1135,13,13,0
1136,13,13,0
1137,13,13,0
1138,13,13,0
1139,13,13,0
1140,13,13,0
1141,13,13,0
1142,13,13,0
1143,13,13,0
1144,13,13,0
1145,13,13,0
1146,13,13,0
1147,13,13,0
1148,13,13,0
1149,13,13,0
1150,13,13,0
1151,13,13,0
1152,13,13,0
1153,13,13,0
1154,13,13,0
1155,13,13,0
1156,13,13,0
1157,13,13,0
1158,13,13,0
1159,13,13,0
1160,13,13,0
1161,13,13,0
1162,13,13,0
1163,13,13,0
1164,13,13,0
1165,13,13,0
1166,13,13,0
1167,13,13,0
1168,13,13,0
1169,13,13,0
1170,13,13,0
1171,13,13,0
1172,13,13,0
1173,13,13,0
1174,13,13,0
1175,13,13,0
1176,13,13,0
1177,13,13,0
1178,13,13,0
1179,13,13,0
1180,13,13,0
1181,13,13,0
1182,13,13,0
1183,13,13,0
1184,13,13,0
1185,13,13,0
1186,13,13,0
1187,13,13,0
1188,13,13,0
1189,13,13,0
1190,13,13,0
1191,13,13,0
1192,13,13,0
1193,13,13,0
1194,13,13,0
1195,13,13,0
1196,13,13,0
1197,13,13,0
1198,13,13,0
1199,13,13,0
1200,13,13,0
1201,13,13,0
1202,13,13,0
1203,13,13,0
1204,13,13,0
1205,13,13,0
1206,13,13,0
1207,13,13,0
1208,13,13,0
1209,13,13,0
1210,13,13,0
1211,13,13,0
1212,13,13,0
1213,13,13,0
1214,13,13,0
1215,13,13,0
1216,13,13,0
1217,13,13,0
1218,13,13,0
1219,13,13,0
1220,13,13,0
1221,14,14,0
1222,14,14,0
1223,14,14,0
1224,14,14,0
1225,14,14,0
1226,14,14,0
1227,14,14,0
1228,14,14,0
1229,14,14,0
1230,14,14,0
1231,14,14,0
1232,14,14,0
1233,14,14,0
1234,14,14,0
1235,14,14,0
1236,14,14,0
1237,14,14,0
1238,14,14,0
1239,14,14,0
1240,14,14,0
1241,14,14,0
1242,14,14,0
1243,14,14,0
1244,14,14,0
1245,14,14,0
1246,14,14,0
1247,14,14,0
1248,14,14,0
1249,14,14,0
1250,14,14,0
1251,14,14,0
1252,14,14,0
1253,14,14,0
1254,14,14,0
1255,14,14,0
1256,14,14,0
1257,14,14,0
1258,14,14,0
1259,14,14,0
1260,14,14,0
1261,14,14,0
1262,14,14,0
1263,14,14,0
1264,14,14,0
1265,14,14,0
1266,14,14,0
1267,14,14,0
1268,14,14,0
1269,14,14,0
1270,14,14,0
1271,14,14,0
1272,14,14,0
1273,14,14,0
1274,14,14,0
1275,14,14,0
1276,14,14,0
1277,14,14,0
1278,14,14,0
1279,14,14,0
1280,14,14,0
1281,14,14,0
1282,14,14,0
1283,14,14,0
1284,14,14,0
1285,14,14,0
1286,14,14,0
1287,14,14,0
1288,14,14,0
1289,14,14,0
1290,14,14,0
1291,14,14,0
1292,14,14,0
1293,14,14,0
1294,14,14,0
1295,14,14,0
1296,14,14,0
1297,14,14,0
1298,14,14,0
1299,14,14,0
1300,14,14,0
1301,14,14,0
1302,14,14,0
1303,14,14,0
1304,14,14,0
1305,14,14,0
1306,14,14,0
1307,14,14,0
1308,14,14,0
1309,14,14,0
1310,14,14,0
1311,14,14,0
1312,14,14,0
1313,14,14,0
1314,14,14,0
1315,14,14,0
1316,14,14,0
1317,14,14,0
1318,14,14,0
1319,14,14,0
1320,14,14,0
1321,15,15,0
1322,15,15,0
1323,15,15,0
1324,15,15,0
1325,15,15,0
1326,15,15,0
1327,15,15,0
1328,15,15,0
1329,15,15,0
1330,15,15,0
1331,15,15,0
1332,15,15,0
1333,15,15,0
1334,15,15,0
1335,15,15,0
1336,15,15,0
1337,15,15,0
1338,15,15,0
1339,15,15,0
1340,15,15,0
1341,15,15,0
1342,15,15,0
1343,15,15,0
1344,15,15,0
1345,15,15,0
1346,15,15,0
1347,15,15,0
1348,15,15,0
1349,15,15,0
1350,15,15,0
1351,15,15,0
1352,15,15,0
1353,15,15,0
1354,15,15,0
1355,15,15,0
1356,15,15,0
1357,15,15,0
1358,15,15,0
1359,15,15,0
1360,15,15,0
1361,15,15,0
1362,15,15,0
1363,15,15,0
1364,15,15,0
1365,15,15,0
1366,15,15,0
1367,15,15,0
1368,15,15,0
1369,15,15,0
1370,15,15,0
1371,15,15,0
1372,15,15,0
1373,15,15,0
1374,15,15,0
1375,15,15,0
1376,15,15,0
1377,15,15,0
1378,15,15,0
1379,15,15,0
1380,15,15,0
1381,15,15,0
1382,15,15,0
1383,15,15,0
1384,15,15,0
1385,15,15,0
1386,15,15,0
1387,15,15,0
1388,15,15,0
1389,15,15,0
1390,15,15,0
1391,15,15,0
1392,15,15,0
1393,15,15,0
1394,15,15,0
1395,15,15,0
1396,15,15,0
1397,15,15,0
1398,15,15,0
1399,15,15,0
1400,15,15,0
1401,15,15,0
1402,15,15,0
1403,15,15,0
1404,15,15,0
1405,15,15,0
1406,15,15,0
1407,15,15,0
1408,15,15,0
1409,15,15,0
1410,15,15,0
1411,15,15,0
1412,15,15,0
1413,15,15,0
1414,15,15,0
1415,15,15,0
1416,15,15,0
1417,15,15,0
1418,15,15,0
1419,15,15,0
1420,16,16,0
1421,16,16,0
1422,16,16,0
1423,16,16,0
1424,16,16,0
1425,16,16,0
1426,16,16,0
1427,16,16,0
1428,16,16,0
1429,16,16,0
1430,16,16,0
1431,16,16,0
1432,16,16,0
1433,16,16,0
1434,16,16,0
1435,16,16,0
1436,16,16,0
1437,16,16,0
1438,16,16,0
1439,16,16,0
1440,16,16,0
1441,16,16,0
1442,16,16,0
1443,16,16,0
1444,16,16,0
1445,16,16,0
1446,16,16,0
1447,16,16,0
1448,16,16,0
1449,16,16,0
1450,16,16,0
1451,16,16,0
1452,16,16,0
1453,16,16,0
1454,16,16,0
1455,16,16,0
1456,16,16,0
1457,16,16,0
1458,16,16,0
1459,16,16,0
1460,16,16,0
1461,16,16,0
1462,16,16,0
1463,16,16,0
1464,16,16,0
1465,16,16,0
1466,16,16,0
1467,16,16,0
1468,16,16,0
1469,16,16,0
1470,16,16,0
1471,16,16,0
1472,16,16,0
1473,16,16,0
1474,16,16,0
1475,16,16,0
1476,16,16,0
1477,16,16,0
1478,16,16,0
1479,16,16,0
1480,16,16,0
1481,16,16,0
1482,16,16,0
1483,16,16,0
1484,16,16,0
1485,16,16,0
1486,16,16,0
1487,16,16,0
1488,16,16,0
1489,16,16,0
1490,16,16,0
1491,16,16,0
1492,16,16,0
1493,16,16,0
1494,16,16,0
1495,16,16,0
1496,16,16,0
1497,16,16,0
1498,16,16,0
1499,16,16,0
1500,16,16,0
1501,16,16,0
1502,16,16,0
1503,16,16,0
1504,16,16,0
1505,16,16,0
1506,16,16,0
1507,16,16,0
1508,16,16,0
1509,16,16,0
1510,16,16,0
1511,16,16,0
1512,16,16,0
1513,16,16,0
1514,16,16,0
1515,16,16,0
1516,16,16,0
1517,16,16,0
1518,16,16,0
1519,16,16,0
1520,17,17,0
1521,17,17,0
1522,17,17,0
1523,17,17,0
1524,17,17,0
1525,17,17,0
1526,17,17,0
1527,17,17,0
1528,17,17,0
1529,17,17,0
1530,17,17,0
1531,17,17,0
1532,17,17,0
1533,17,17,0
1534,17,17,0
1535,17,17,0
1536,17,17,0
1537,17,17,0
1538,17,17,0
1539,17,17,0
1540,17,17,0
1541,17,17,0
1542,17,17,0
1543,17,17,0
1544,17,17,0
1545,17,17,0
1546,17,17,0
1547,17,17,0
1548,17,17,0
1549,17,17,0
1550,17,17,0
1551,17,17,0
1552,17,17,0
1553,17,17,0
1554,17,17,0
1555,17,17,0
1556,17,17,0
1557,17,17,0
1558,17,17,0
1559,17,17,0
1560,17,17,0
1561,17,17,0
1562,17,17,0
1563,17,17,0
1564,17,17,0
1565,17,17,0
1566,17,17,0
1567,17,17,0
1568,17,17,0
1569,17,17,0
1570,17,17,0
1571,17,17,0
1572,17,17,0
1573,17,17,0
1574,17,17,0
1575,17,17,0
1576,17,17,0
1577,17,17,0
1578,17,17,0
1579,17,17,0
1580,17,17,0
1581,17,17,0
1582,17,17,0
1583,17,17,0
1584,17,17,0
1585,17,17,0
1586,17,17,0
1587,17,17,0
1588,17,17,0
1589,17,17,0
1590,17,17,0
1591,17,17,0
1592,17,17,0
1593,17,17,0
1594,17,17,0
1595,17,17,0
1596,17,17,0
1597,17,17,0
1598,17,17,0
1599,17,17,0
1600,17,17,0
1601,17,17,0
1602,17,17,0
1603,17,17,0
1604,17,17,0
1605,17,17,0
1606,17,17,0
1607,17,17,0
1608,17,17,0
1609,17,17,0
1610,17,17,0
1611,17,17,0
1612,17,17,0
1613,17,17,0
1614,18,18,0
1615,18,18,0
1616,18,18,0
1617,18,18,0
1618,18,18,0
1619,18,18,0
1620,18,18,0
1621,18,18,0
1622,18,18,0
1623,18,18,0
1624,18,18,0
1625,18,18,0
1626,18,18,0
1627,18,18,0
1628,18,18,0
1629,18,18,0
1630,18,18,0
1631,18,18,0
1632,18,18,0
1633,18,18,0
1634,18,18,0
1635,18,18,0
1636,18,18,0
1637,18,18,0
1638,18,18,0
1639,18,18,0
1640,18,18,0
1641,18,18,0
1642,18,18,0
1643,18,18,0
1644,18,18,0
1645,18,18,0
1646,18,18,0
1647,18,18,0
1648,18,18,0
1649,18,18,0
1650,18,18,0
1651,18,18,0
1652,18,18,0
1653,18,18,0
1654,18,18,0
1655,18,18,0
1656,18,18,0
1657,18,18,0
1658,18,18,0
1659,18,18,0
1660,18,18,0
1661,18,18,0
1662,18,18,0
1663,18,18,0
1664,18,18,0
1665,18,18,0
1666,18,18,0
1667,18,18,0
1668,18,18,0
1669,18,18,0
1670,18,18,0
1671,18,18,0
1672,18,18,0
1673,18,18,0
1674,18,18,0
1675,18,18,0
1676,18,18,0
1677,18,18,0
1678,18,18,0
1679,18,18,0
1680,18,18,0
1681,18,18,0
1682,18,18,0
1683,18,18,0
1684,18,18,0
1685,18,18,0
1686,18,18,0
1687,18,18,0
1688,18,18,0
1689,18,18,0
1690,18,18,0
1691,18,18,0
1692,18,18,0
1693,18,18,0
1694,18,18,0
1695,18,18,0
1696,18,18,0
1697,18,18,0
1698,18,18,0
1699,18,18,0
1700,18,18,0
1701,18,18,0
1702,18,18,0
1703,18,18,0
1704,18,18,0
1705,18,18,0
1706,18,18,0
1707,18,18,0
1708,18,18,0
1709,18,18,0
1710,19,19,0
1711,19,19,0
1712,19,19,0
1713,19,19,0
1714,19,19,0
1715,19,19,0
1716,19,19,0
1717,19,19,0
1718,19,19,0
1719,19,19,0
1720,19,19,0
1721,19,19,0
1722,19,19,0
1723,19,19,0
1724,19,19,0
1725,19,19,0
1726,19,19,0
1727,19,19,0
1728,19,19,0
1729,19,19,0
1730,19,19,0
1731,19,19,0
1732,19,19,0
1733,19,19,0
1734,19,19,0
1735,19,19,0
1736,19,19,0
1737,19,19,0
1738,19,19,0
1739,19,19,0
1740,19,19,0
1741,19,19,0
1742,19,19,0
1743,19,19,0
1744,19,19,0
1745,19,19,0
1746,19,19,0
1747,19,19,0
1748,19,19,0
1749,19,19,0
1750,19,19,0
1751,19,19,0
1752,19,19,0
1753,19,19,0
1754,19,19,0
1755,19,19,0
1756,19,19,0
1757,19,19,0
1758,19,19,0
1759,19,19,0
1760,19,19,0
1761,19,19,0
1762,19,19,0
1763,19,19,0
1764,19,19,0
1765,19,19,0
1766,19,19,0
1767,19,19,0
1768,19,19,0
1769,19,19,0
1770,19,19,0
1771,19,19,0
1772,19,19,0
1773,19,19,0
1774,19,19,0
1775,19,19,0
1776,19,19,0
1777,19,19,0
1778,19,19,0
1779,19,19,0
1780,19,19,0
1781,19,19,0
1782,19,19,0
1783,19,19,0
1784,19,19,0
1785,19,19,0
1786,19,19,0
1787,19,19,0
1788,19,19,0
1789,19,19,0
1790,19,19,0
1791,19,19,0
1792,19,19,0
1793,19,19,0
1794,19,19,0
1795,19,19,0
1796,19,19,0
1797,19,19,0
1798,19,19,0
1799,19,19,0
1800,19,19,0
1801,19,19,0
1802,19,19,0
1803,19,19,0
1804,19,19,0
1805,20,20,0
1806,20,20,0
1807,20,20,0
1808,20,20,0
1809,20,20,0
1810,20,20,0
1811,20,20,0
1812,20,20,0
1813,20,20,0
1814,20,20,0
1815,20,20,0
1816,20,20,0
1817,20,20,0
1818,20,20,0
1819,20,20,0
1820,20,20,0
1821,20,20,0
1822,20,20,0
1823,20,20,0
1824,20,20,0
1825,20,20,0
1826,20,20,0
1827,20,20,0
1828,20,20,0
1829,20,20,0
1830,20,20,0
1831,20,20,0
1832,20,20,0
1833,20,20,0
1834,20,20,0
1835,20,20,0
1836,20,20,0
1837,20,20,0
1838,20,20,0
1839,20,20,0
1840,20,20,0
1841,20,20,0
1842,20,20,0
1843,20,20,0
1844,20,20,0
1845,20,20,0
1846,20,20,0
1847,20,20,0
1848,20,20,0
1849,20,20,0
1850,20,20,0
1851,20,20,0
1852,20,20,0
1853,20,20,0
1854,20,20,0
1855,20,20,0
1856,20,20,0
1857,20,20,0
1858,20,20,0
1859,20,20,0
1860,20,20,0
1861,20,20,0
1862,20,20,0
1863,20,20,0
1864,20,20,0
1865,20,20,0
1866,20,20,0
1867,20,20,0
1868,20,20,0
1869,20,20,0
1870,20,20,0
1871,20,20,0
1872,20,20,0
1873,20,20,0
1874,20,20,0
1875,20,20,0
1876,20,20,0
1877,20,20,0
1878,20,20,0
1879,20,20,0
1880,20,20,0
1881,20,20,0
1882,20,20,0
1883,20,20,0
1884,20,20,0
1885,20,20,0
1886,20,20,0
1887,20,20,0
1888,20,20,0
1889,20,20,0
1890,20,20,0
1891,20,20,0
1892,20,20,0
1893,20,20,0
1894,20,20,0
1895,20,20,0
1896,20,20,0
1897,20,20,0
1898,21,21,0
1899,21,21,0
1900,21,21,0
1901,21,21,0
1902,21,21,0
1903,21,21,0
1904,21,21,0
1905,21,21,0
1906,21,21,0
1907,21,21,0
1908,21,21,0
1909,21,21,0
1910,21,21,0
1911,21,21,0
1912,21,21,0
1913,21,21,0
1914,21,21,0
1915,21,21,0
1916,21,21,0
1917,21,21,0
1918,21,21,0
1919,21,21,0
1920,21,21,0
1921,21,21,0
1922,21,21,0
1923,21,21,0
1924,21,21,0
1925,21,21,0
1926,21,21,0
1927,21,21,0
1928,21,21,0
1929,21,21,0
1930,21,21,0
1931,21,21,0
1932,21,21,0
1933,21,21,0
1934,21,21,0
1935,21,21,0
1936,21,21,0
1937,21,21,0
1938,21,21,0
1939,21,21,0
1940,21,21,0
1941,21,21,0
1942,21,21,0
1943,21,21,0
1944,21,21,0
1945,21,21,0
1946,21,21,0
1947,21,21,0
1948,21,21,0
1949,21,21,0
1950,21,21,0
1951,21,21,0
1952,21,21,0
1953,21,21,0
1954,21,21,0
1955,21,21,0
1956,21,21,0
1957,21,21,0
1958,21,21,0
1959,21,21,0
1960,21,21,0
1961,21,21,0
1962,21,21,0
1963,21,21,0
1964,21,21,0
1965,21,21,0
1966,21,21,0
1967,21,21,0
1968,21,21,0
1969,21,21,0
1970,21,21,0
1971,21,21,0
1972,21,21,0
1973,21,21,0
1974,21,21,0
1975,21,21,0
1976,21,21,0
1977,21,21,0
1978,21,21,0
1979,21,21,0
1980,21,21,0
1981,21,21,0
1982,21,21,0
1983,21,21,0
1984,21,21,0
1985,21,21,0
1986,21,21,0
1987,21,21,0
1988,21,21,0
1989,21,21,0
1990,21,21,0
1991,21,21,0
1992,21,21,0
1993,21,21,0
1994,21,21,0
1995,21,21,0
1996,21,21,0
1997,21,21,0
1998,22,22,0
1999,22,22,0
2000,22,22,0
2001,22,22,0
2002,22,22,0
2003,22,22,0
2004,22,22,0
2005,22,22,0
2006,22,22,0
2007,22,22,0
2008,22,22,0
2009,22,22,0
2010,22,22,0
2011,22,22,0
2012,22,22,0
2013,22,22,0
2014,22,22,0
2015,22,22,0
2016,22,22,0
2017,22,22,0
2018,22,22,0
2019,22,22,0
2020,22,22,0
2021,22,22,0
2022,22,22,0
2023,22,22,0
2024,22,22,0
2025,22,22,0
2026,22,22,0
2027,22,22,0
2028,22,22,0
2029,22,22,0
2030,22,22,0
2031,22,22,0
2032,22,22,0
2033,22,22,0
2034,22,22,0
2035,22,22,0
2036,22,22,0
2037,22,22,0
2038,22,22,0
2039,22,22,0
2040,22,22,0
2041,22,22,0
2042,22,22,0
2043,22,22,0
2044,22,22,0
2045,22,22,0
2046,22,22,0
2047,22,22,0
2048,22,22,0
2049,22,22,0
2050,22,22,0
2051,22,22,0
2052,22,22,0
2053,22,22,0
2054,22,22,0
2055,22,22,0
2056,22,22,0
2057,22,22,0
2058,22,22,0
2059,22,22,0
2060,22,22,0
2061,22,22,0
2062,22,22,0
2063,22,22,0
2064,22,22,0
2065,22,22,0
2066,22,22,0
2067,22,22,0
2068,22,22,0
2069,22,22,0
2070,22,22,0
2071,22,22,0
2072,22,22,0
2073,22,22,0
2074,22,22,0
2075,22,22,0
2076,22,22,0
2077,22,22,0
2078,22,22,0
2079,22,22,0
2080,22,22,0
2081,22,22,0
2082,22,22,0
2083,22,22,0
2084,22,22,0
2085,22,22,0
2086,22,22,0
2087,22,22,0
2088,22,22,0
2089,22,22,0
2090,22,22,0
2091,22,22,0
2092,22,22,0
2093,22,22,0
2094,22,22,0
2095,22,22,0
2096,23,23,0
2097,23,23,0
2098,23,23,0
2099,23,23,0
2100,23,23,0
2101,23,23,0
2102,23,23,0
2103,23,23,0
2104,23,23,0
2105,23,23,0
2106,23,23,0
2107,23,23,0
2108,23,23,0
2109,23,23,0
2110,23,23,0
2111,23,23,0
2112,23,23,0
2113,23,23,0
2114,23,23,0
2115,23,23,0
2116,23,23,0
2117,23,23,0
2118,23,23,0
2119,23,23,0
2120,23,23,0
2121,23,23,0
2122,23,23,0
2123,23,23,0
2124,23,23,0
2125,23,23,0
2126,23,23,0
2127,23,23,0
2128,23,23,0
2129,23,23,0
2130,23,23,0
2131,23,23,0
2132,23,23,0
2133,23,23,0
2134,23,23,0
2135,23,23,0
2136,23,23,0
2137,23,23,0
2138,23,23,0
2139,23,23,0
2140,23,23,0
2141,23,23,0
2142,23,23,0
2143,23,23,0
2144,23,23,0
2145,23,23,0
2146,23,23,0
2147,23,23,0
2148,23,23,0
2149,23,23,0
2150,23,23,0
2151,23,23,0
2152,23,23,0
2153,23,23,0
2154,23,23,0
2155,23,23,0
2156,23,23,0
2157,23,23,0
2158,23,23,0
2159,23,23,0
2160,23,23,0
2161,23,23,0
2162,23,23,0
2163,23,23,0
2164,23,23,0
2165,23,23,0
2166,23,23,0
2167,23,23,0
2168,23,23,0
2169,23,23,0
2170,23,23,0
2171,23,23,0
2172,23,23,0
2173,23,23,0
2174,23,23,0
2175,23,23,0
2176,23,23,0
2177,23,23,0
2178,23,23,0
2179,23,23,0
2180,23,23,0
2181,23,23,0
2182,23,23,0
2183,23,23,0
2184,23,23,0
2185,23,23,0
2186,23,23,0
2187,23,23,0
2188,23,23,0
2189,23,23,0
2190,23,23,0
2191,23,23,0
2192,23,23,0
2193,23,23,0
2194,24,24,0
2195,24,24,0
2196,24,24,0
2197,24,24,0
2198,24,24,0
2199,24,24,0
2200,24,24,0
2201,24,24,0
2202,24,24,0
2203,24,24,0
2204,24,24,0
2205,24,24,0
2206,24,24,0
2207,24,24,0
2208,24,24,0
2209,24,24,0
2210,24,24,0
2211,24,24,0
2212,24,24,0
2213,24,24,0
2214,24,24,0
2215,24,24,0
2216,24,24,0
2217,24,24,0
2218,24,24,0
2219,24,24,0
2220,24,24,0
2221,24,24,0
2222,24,24,0
2223,24,24,0
2224,24,24,0
2225,24,24,0
2226,24,24,0
2227,24,24,0
2228,24,24,0
2229,24,24,0
2230,24,24,0
2231,24,24,0
2232,24,24,0
2233,24,24,0
2234,24,24,0
2235,24,24,0
2236,24,24,0
2237,24,24,0
2238,24,24,0
2239,24,24,0
2240,24,24,0
2241,24,24,0
2242,24,24,0
2243,24,24,0
2244,24,24,0
2245,24,24,0
2246,24,24,0
2247,24,24,0
2248,24,24,0
2249,24,24,0
2250,24,24,0
2251,24,24,0
2252,24,24,0
2253,24,24,0
2254,24,24,0
2255,24,24,0
2256,24,24,0
2257,24,24,0
2258,24,24,0
2259,24,24,0
2260,24,24,0
2261,24,24,0
2262,24,24,0
2263,24,24,0
2264,24,24,0
2265,24,24,0
2266,24,24,0
2267,24,24,0
2268,24,24,0
2269,24,24,0
2270,24,24,0
2271,24,24,0
2272,24,24,0
2273,24,24,0
2274,24,24,0
2275,24,24,0
2276,24,24,0
2277,24,24,0
2278,24,24,0
2279,24,24,0
2280,24,24,0
2281,24,24,0
2282,24,24,0
2283,24,24,0
2284,25,25,0
2285,25,25,0
2286,25,25,0
2287,25,25,0
2288,25,25,0
2289,25,25,0
2290,25,25,0
2291,25,25,0
2292,25,25,0
2293,25,25,0
2294,25,25,0
2295,25,25,0
2296,25,25,0
2297,25,25,0
2298,25,25,0
2299,25,25,0
2300,25,25,0
2301,25,25,0
2302,25,25,0
2303,25,25,0
2304,25,25,0
2305,25,25,0
2306,25,25,0
2307,25,25,0
2308,25,25,0
2309,25,25,0
2310,25,25,0
2311,25,25,0
2312,25,25,0
2313,25,25,0
2314,25,25,0
2315,25,25,0
2316,25,25,0
2317,25,25,0
2318,25,25,0
2319,25,25,0
2320,25,25,0
2321,25,25,0
2322,25,25,0
2323,25,25,0
2324,25,25,0
2325,25,25,0
2326,25,25,0
2327,25,25,0
2328,25,25,0
2329,25,25,0
2330,25,25,0
2331,25,25,0
2332,25,25,0
2333,25,25,0
2334,25,25,0
2335,25,25,0
2336,25,25,0
2337,25,25,0
2338,25,25,0
2339,25,25,0
2340,25,25,0
2341,25,25,0
2342,25,25,0
2343,25,25,0
2344,25,25,0
2345,25,25,0
2346,25,25,0
2347,25,25,0
2348,25,25,0
2349,25,25,0
2350,25,25,0
2351,25,25,0
2352,25,25,0
2353,25,25,0
2354,25,25,0
2355,25,25,0
2356,25,25,0
2357,25,25,0
2358,25,25,0
2359,26,26,0
2360,26,26,0
2361,26,26,0
2362,26,26,0
2363,26,26,0
2364,26,26,0
2365,26,26,0
2366,26,26,0
2367,26,26,0
2368,26,26,0
2369,26,26,0
2370,26,26,0
2371,26,26,0
2372,26,26,0
2373,26,26,0
2374,26,26,0
2375,26,26,0
2376,26,26,0
2377,26,26,0
2378,26,26,0
2379,26,26,0
2380,26,26,0
2381,26,26,0
2382,26,26,0
2383,26,26,0
2384,26,26,0
2385,26,26,0
2386,26,26,0
2387,26,26,0
2388,26,26,0
2389,26,26,0
2390,26,26,0
2391,26,26,0
2392,26,26,0
2393,26,26,0
2394,26,26,0
2395,26,26,0
2396,26,26,0
2397,26,26,0
2398,26,26,0
2399,26,26,0
2400,26,26,0
2401,26,26,0
2402,26,26,0
2403,26,26,0
2404,26,26,0
2405,26,26,0
2406,26,26,0
2407,26,26,0
2408,26,26,0
2409,26,26,0
2410,26,26,0
2411,26,26,0
2412,26,26,0
2413,26,26,0
2414,26,26,0
2415,26,26,0
2416,26,26,0
2417,26,26,0
2418,26,26,0
2419,26,26,0
2420,26,26,0
2421,26,26,0
2422,26,26,0
2423,26,26,0
2424,26,26,0
2425,26,26,0
2426,26,26,0
2427,26,26,0
2428,26,26,0
2429,26,26,0
2430,26,26,0
2431,26,26,0
2432,26,26,0
2433,26,26,0
2434,26,26,0
2435,26,26,0
2436,26,26,0
2437,26,26,0
2438,26,26,0
2439,26,26,0
2440,26,26,0
2441,26,26,0
2442,26,26,0
2443,26,26,0
2444,26,26,0
2445,26,26,0
2446,26,26,0
2447,26,26,0
2448,26,26,0
2449,26,26,0
2450,26,26,0
2451,26,26,0
2452,26,26,0
2453,26,26,0
2454,26,26,0
2455,26,26,0
2456,26,26,0
2457,26,26,0
2458,26,26,0
2459,27,27,0
2460,27,27,0
2461,27,27,0
2462,27,27,0
2463,27,27,0
2464,27,27,0
2465,27,27,0
2466,27,27,0
2467,27,27,0
2468,27,27,0
2469,27,27,0
2470,27,27,0
2471,27,27,0
2472,27,27,0
2473,27,27,0
2474,27,27,0
2475,27,27,0
2476,27,27,0
2477,27,27,0
2478,27,27,0
2479,27,27,0
2480,27,27,0
2481,27,27,0
2482,27,27,0
2483,27,27,0
2484,27,27,0
2485,27,27,0
2486,27,27,0
2487,27,27,0
2488,27,27,0
2489,27,27,0
2490,27,27,0
2491,27,27,0
2492,27,27,0
2493,27,27,0
2494,27,27,0
2495,27,27,0
2496,27,27,0
2497,27,27,0
2498,27,27,0
2499,27,27,0
2500,27,27,0
2501,27,27,0
2502,27,27,0
2503,27,27,0
2504,27,27,0
2505,27,27,0
2506,27,27,0
2507,27,27,0
2508,27,27,0
2509,27,27,0
2510,27,27,0
2511,27,27,0
2512,27,27,0
2513,27,27,0
2514,27,27,0
2515,27,27,0
2516,27,27,0
2517,27,27,0
2518,27,27,0
2519,27,27,0
2520,27,27,0
2521,27,27,0
2522,27,27,0
2523,27,27,0
2524,27,27,0
2525,27,27,0
2526,27,27,0
2527,27,27,0
2528,27,27,0
2529,27,27,0
2530,27,27,0
2531,27,27,0
2532,27,27,0
2533,27,27,0
2534,27,27,0
2535,27,27,0
2536,27,27,0
2537,27,27,0
2538,27,27,0
2539,27,27,0
2540,27,27,0
2541,27,27,0
2542,27,27,0
2543,27,27,0
2544,27,27,0
2545,27,27,0
2546,27,27,0
2547,27,27,0
2548,27,27,0
2549,27,27,0
2550,27,27,0
2551,27,27,0
2552,27,27,0
2553,27,27,0
2554,27,27,0
2555,27,27,0
2556,27,27,0
2557,27,27,0
2558,28,28,0
2559,28,28,0
2560,28,28,0
2561,28,28,0
2562,28,28,0
2563,28,28,0
2564,28,28,0
2565,28,28,0
2566,28,28,0
2567,28,28,0
2568,28,28,0
2569,28,28,0
2570,28,28,0
2571,28,28,0
2572,28,28,0
2573,28,28,0
2574,28,28,0
2575,28,28,0
2576,28,28,0
2577,28,28,0
2578,28,28,0
2579,28,28,0
2580,28,28,0
2581,28,28,0
2582,28,28,0
2583,28,28,0
2584,28,28,0
2585,28,28,0
2586,28,28,0
2587,28,28,0
2588,28,28,0
2589,28,28,0
2590,28,28,0
2591,28,28,0
2592,28,28,0
2593,28,28,0
2594,28,28,0
2595,28,28,0
2596,28,28,0
2597,28,28,0
2598,28,28,0
2599,28,28,0
2600,28,28,0
2601,28,28,0
2602,28,28,0
2603,28,28,0
2604,28,28,0
2605,28,28,0
2606,28,28,0
2607,28,28,0
2608,28,28,0
2609,28,28,0
2610,28,28,0
2611,28,28,0
2612,28,28,0
2613,28,28,0
2614,28,28,0
2615,28,28,0
2616,28,28,0
2617,28,28,0
2618,28,28,0
2619,28,28,0
2620,28,28,0
2621,28,28,0
2622,28,28,0
2623,28,28,0
2624,28,28,0
2625,28,28,0
2626,28,28,0
2627,28,28,0
2628,28,28,0
2629,28,28,0
2630,28,28,0
2631,28,28,0
2632,28,28,0
2633,28,28,0
2634,28,28,0
2635,28,28,0
2636,28,28,0
2637,28,28,0
2638,28,28,0
2639,28,28,0
2640,28,28,0
2641,28,28,0
2642,28,28,0
2643,28,28,0
2644,28,28,0
2645,28,28,0
2646,28,28,0
2647,28,28,0
2648,28,28,0
2649,28,28,0
2650,28,28,0
2651,28,28,0
2652,28,28,0
2653,28,28,0
2654,28,28,0
2655,28,28,0
2656,28,28,0
2657,29,29,0
2658,29,29,0
2659,29,29,0
2660,29,29,0
2661,29,29,0
2662,29,29,0
2663,29,29,0
2664,29,29,0
2665,29,29,0
2666,29,29,0
2667,29,29,0
2668,29,29,0
2669,29,29,0
2670,29,29,0
2671,29,29,0
2672,29,29,0
2673,29,29,0
2674,29,29,0
2675,29,29,0
2676,29,29,0
2677,29,29,0
2678,29,29,0
2679,29,29,0
2680,29,29,0
2681,29,29,0
2682,29,29,0
2683,29,29,0
2684,29,29,0
2685,29,29,0
2686,29,29,0
2687,29,29,0
2688,29,29,0
2689,29,29,0
2690,29,29,0
2691,29,29,0
2692,29,29,0
2693,29,29,0
2694,29,29,0
2695,29,29,0
2696,29,29,0
2697,29,29,0
2698,29,29,0
2699,29,29,0
2700,29,29,0
2701,29,29,0
2702,29,29,0
2703,29,29,0
2704,29,29,0
2705,29,29,0
2706,29,29,0
2707,29,29,0
2708,29,29,0
2709,29,29,0
2710,29,29,0
2711,29,29,0
2712,29,29,0
2713,29,29,0
2714,29,29,0
2715,29,29,0
2716,29,29,0
2717,29,29,0
2718,29,29,0
2719,29,29,0
2720,29,29,0
2721,29,29,0
2722,29,29,0
2723,29,29,0
2724,29,29,0
2725,29,29,0
2726,29,29,0
2727,29,29,0
2728,29,29,0
2729,29,29,0
2730,29,29,0
2731,29,29,0
2732,29,29,0
2733,29,29,0
2734,29,29,0
2735,29,29,0
2736,29,29,0
2737,29,29,0
2738,29,29,0
2739,29,29,0
2740,29,29,0
2741,29,29,0
2742,29,29,0
2743,29,29,0
2744,29,29,0
2745,29,29,0
2746,29,29,0
2747,29,29,0
2748,29,29,0
2749,29,29,0
2750,29,29,0
2751,29,29,0
2752,29,29,0
2753,30,30,0
2754,30,30,0
2755,30,30,0
2756,30,30,0
2757,30,30,0
2758,30,30,0
2759,30,30,0
2760,30,30,0
2761,30,30,0
2762,30,30,0
2763,30,30,0
2764,30,30,0
2765,30,30,0
2766,30,30,0
2767,30,30,0
2768,30,30,0
2769,30,30,0
2770,30,30,0
2771,30,30,0
2772,30,30,0
2773,30,30,0
2774,30,30,0
2775,30,30,0
2776,30,30,0
2777,30,30,0
2778,30,30,0
2779,30,30,0
2780,30,30,0
2781,30,30,0
2782,30,30,0
2783,30,30,0
2784,30,30,0
2785,30,30,0
2786,30,30,0
2787,30,30,0
2788,30,30,0
2789,30,30,0
2790,30,30,0
2791,30,30,0
2792,30,30,0
2793,30,30,0
2794,30,30,0
2795,30,30,0
2796,30,30,0
2797,30,30,0
2798,30,30,0
2799,30,30,0
2800,30,30,0
2801,30,30,0
2802,30,30,0
2803,30,30,0
2804,30,30,0
2805,30,30,0
2806,30,30,0
2807,30,30,0
2808,30,30,0
2809,30,30,0
2810,30,30,0
2811,30,30,0
2812,30,30,0
2813,30,30,0
2814,30,30,0
2815,30,30,0
2816,30,30,0
2817,0,0,1
2818,0,0,1
2819,0,0,1
2820,0,9,1
2821,0,0,1
2822,0,16,1
2823,0,0,1
2824,0,0,1
2825,0,0,1
2826,0,0,1
2827,0,0,1
2828,0,0,1
2829,0,0,1
2830,0,0,1
2831,0,0,1
2832,0,0,1
2833,0,0,1
2834,0,0,1
2835,0,0,1
2836,0,0,1
2837,0,0,1
2838,0,0,1
2839,0,0,1
2840,0,0,1
2841,0,0,1
2842,0,0,1
2843,0,0,1
2844,0,0,1
2845,0,0,1
2846,1,1,1
2847,1,1,1
2848,1,1,1
2849,1,1,1
2850,1,1,1
2851,1,1,1
2852,1,1,1
2853,1,1,1
2854,1,1,1
2855,1,1,1
2856,1,1,1
2857,1,1,1
2858,1,1,1
2859,1,1,1
2860,1,1,1
2861,1,1,1
2862,1,1,1
2863,1,1,1
2864,1,1,1
2865,1,1,1
2866,1,1,1
2867,2,2,1
2868,2,2,1
2869,2,2,1
2870,2,2,1
2871,2,2,1
2872,2,2,1
2873,2,2,1
2874,2,2,1
2875,2,2,1
2876,2,2,1
2877,2,2,1
2878,2,2,1
2879,2,2,1
2880,2,2,1
2881,2,2,1
2882,2,2,1
2883,2,2,1
2884,2,2,1
2885,2,2,1
2886,2,2,1
2887,2,2,1
2888,2,2,1
2889,2,2,1
2890,2,2,1
2891,2,2,1
2892,2,16,1
2893,2,7,1
2894,2,10,1
2895,3,3,1
2896,3,3,1
2897,3,3,1
2898,3,3,1
2899,3,3,1
2900,3,3,1
2901,3,3,1
2902,3,3,1
2903,3,3,1
2904,3,3,1
2905,3,3,1
2906,3,3,1
2907,4,4,1
2908,4,4,1
2909,4,4,1
2910,4,4,1
2911,4,4,1
2912,4,4,1
2913,4,4,1
2914,4,4,1
2915,4,4,1
2916,4,4,1
2917,4,4,1
2918,4,4,1
2919,4,4,1
2920,4,4,1
2921,4,4,1
2922,4,4,1
2923,5,5,1
2924,5,5,1
2925,5,5,1
2926,5,5,1
2927,5,5,1
2928,5,5,1
2929,5,5,1
2930,5,5,1
2931,5,5,1
2932,5,5,1
2933,5,5,1
2934,5,5,1
2935,5,5,1
2936,5,5,1
2937,5,5,1
2938,5,5,1
2939,5,5,1
2940,5,5,1
2941,5,5,1
2942,5,5,1
2943,5,5,1
2944,5,5,1
2945,5,5,1
2946,5,5,1
2947,5,5,1
2948,5,5,1
2949,5,5,1
2950,5,5,1
2951,5,5,1
2952,5,5,1
2953,5,5,1
2954,6,6,1
2955,6,6,1
2956,6,6,1
2957,6,6,1
2958,6,6,1
2959,6,6,1
2960,6,6,1
2961,6,6,1
2962,6,6,1
2963,6,6,1
2964,6,6,1
2965,6,6,1
2966,6,6,1
2967,6,6,1
2968,6,6,1
2969,6,6,1
2970,6,6,1
2971,6,6,1
2972,6,6,1
2973,6,6,1
2974,6,6,1
2975,6,6,1
2976,6,6,1
2977,6,6,1
2978,6,6,1
2979,6,6,1
2980,6,6,1
2981,6,6,1
2982,6,6,1
2983,6,6,1
2984,6,6,1
2985,6,6,1
2986,6,6,1
2987,6,6,1
2988,6,6,1
2989,6,6,1
2990,6,6,1
2991,6,6,1
2992,6,6,1
2993,6,6,1
2994,7,7,1
2995,7,7,1
2996,7,7,1
2997,7,7,1
2998,7,7,1
2999,7,7,1
3000,7,7,1
3001,7,7,1
3002,7,7,1
3003,7,7,1
3004,7,7,1
3005,7,7,1
3006,7,13,1
3007,7,7,1
3008,7,10,1
3009,7,24,1
3010,7,7,1
3011,7,7,1
3012,8,8,1
3013,8,8,1
3014,8,8,1
3015,8,8,1
3016,8,8,1
3017,8,8,1
3018,8,8,1
3019,8,15,1
3020,8,9,1
3021,8,8,1
3022,8,8,1
3023,8,24,1
3024,8,8,1
3025,8,8,1
3026,8,8,1
3027,8,8,1
3028,8,8,1
3029,8,8,1
3030,8,8,1
3031,8,8,1
3032,8,8,1
3033,9,9,1
3034,9,9,1
3035,9,9,1
3036,9,9,1
3037,9,9,1
3038,9,9,1
3039,9,9,1
3040,9,9,1
3041,9,9,1
3042,9,9,1
3043,9,9,1
3044,9,9,1
3045,9,9,1
3046,9,9,1
3047,9,9,1
3048,9,21,1
3049,9,9,1
3050,9,9,1
3051,9,9,1
3052,10,10,1
3053,10,10,1
3054,10,10,1
3055,10,10,1
3056,10,10,1
3057,10,10,1
3058,10,10,1
3059,10,10,1
3060,10,10,1
3061,10,10,1
3062,10,10,1
3063,10,10,1
3064,10,10,1
3065,10,10,1
3066,10,10,1
3067,10,10,1
3068,10,10,1
3069,10,10,1
3070,10,10,1
3071,10,10,1
3072,10,10,1
3073,10,10,1
3074,10,10,1
3075,10,10,1
3076,10,10,1
3077,10,10,1
3078,10,10,1
3079,11,11,1
3080,11,16,1
3081,11,11,1
3082,11,11,1
3083,11,11,1
3084,11,11,1
3085,11,11,1
3086,11,11,1
3087,11,11,1
3088,11,11,1
3089,11,11,1
3090,11,11,1
3091,11,11,1
3092,11,11,1
3093,11,11,1
3094,11,11,1
3095,11,11,1
3096,11,11,1
3097,11,11,1
3098,11,11,1
3099,11,11,1
3100,11,11,1
3101,11,11,1
3102,11,11,1
3103,11,11,1
3104,11,11,1
3105,11,11,1
3106,12,12,1
3107,12,12,1
3108,12,12,1
3109,12,12,1
3110,12,12,1
3111,12,12,1
3112,12,14,1
3113,12,12,1
3114,12,12,1
3115,12,12,1
3116,12,8,1
3117,12,12,1
3118,12,12,1
3119,12,12,1
3120,12,12,1
3121,12,12,1
3122,12,12,1
3123,12,12,1
3124,12,12,1
3125,12,12,1
3126,12,12,1
3127,12,12,1
3128,12,12,1
3129,12,12,1
3130,12,12,1
3131,12,24,1
3132,12,12,1
3133,12,12,1
3134,12,12,1
3135,12,12,1
3136,13,13,1
3137,13,13,1
3138,13,13,1
3139,13,13,1
3140,13,13,1
3141,13,13,1
3142,13,9,1
3143,13,20,1
3144,13,13,1
3145,13,13,1
3146,13,13,1
3147,13,13,1
3148,13,13,1
3149,13,13,1
3150,13,13,1
3151,13,13,1
3152,13,13,1
3153,13,13,1
3154,13,13,1
3155,14,14,1
3156,14,14,1
3157,14,14,1
3158,14,14,1
3159,14,14,1
3160,14,14,1
3161,14,14,1
3162,14,14,1
3163,14,14,1
3164,14,14,1
3165,14,14,1
3166,14,14,1
3167,14,14,1
3168,14,14,1
3169,14,14,1
3170,14,14,1
3171,14,14,1
3172,14,26,1
3173,14,3,1
3174,14,14,1
3175,14,14,1
3176,14,14,1
3177,14,14,1
3178,14,5,1
3179,14,14,1
3180,14,14,1
3181,14,14,1
3182,14,14,1
3183,14,14,1
3184,14,27,1
3185,15,15,1
3186,15,15,1
3187,15,15,1
3188,15,15,1
3189,15,27,1
3190,15,15,1
3191,15,15,1
3192,15,15,1
3193,15,15,1
3194,15,15,1
3195,15,15,1
3196,15,15,1
3197,15,15,1
3198,15,1,1
3199,15,15,1
3200,15,15,1
3201,15,6,1
3202,15,15,1
3203,15,6,1
3204,15,15,1
3205,15,15,1
3206,15,15,1
3207,15,15,1
3208,15,15,1
3209,15,18,1
3210,15,8,1
3211,15,27,1
3212,15,15,1
3213,15,15,1
3214,15,15,1
3215,15,15,1
3216,15,15,1
3217,15,3,1
3218,15,15,1
3219,15,7,1
3220,15,15,1
3221,15,15,1
3222,15,15,1
3223,15,15,1
3224,15,15,1
3225,15,13,1
3226,15,6,1
3227,15,15,1
3228,16,26,1
3229,16,16,1
3230,16,16,1
3231,16,16,1
3232,16,16,1
3233,16,23,1
3234,16,16,1
3235,16,16,1
3236,16,16,1
3237,16,16,1
3238,16,16,1
3239,16,16,1
3240,16,16,1
3241,16,16,1
3242,16,16,1
3243,16,16,1
3244,16,16,1
3245,16,16,1
3246,16,16,1
3247,16,16,1
3248,16,16,1
3249,16,16,1
3250,16,16,1
3251,16,16,1
3252,16,16,1
3253,16,16,1
3254,16,16,1
3255,16,16,1
3256,16,16,1
3257,16,16,1
3258,17,17,1
3259,17,17,1
3260,17,29,1
3261,17,10,1
3262,17,21,1
3263,17,17,1
3264,17,17,1
3265,17,17,1
3266,17,17,1
3267,17,17,1
3268,17,17,1
3269,17,17,1
3270,17,17,1
3271,17,17,1
3272,17,17,1
3273,17,17,1
3274,17,17,1
3275,17,17,1
3276,17,17,1
3277,17,17,1
3278,17,17,1
3279,17,17,1
3280,17,17,1
3281,17,17,1
3282,17,17,1
3283,17,17,1
3284,17,17,1
3285,18,18,1
3286,18,18,1
3287,18,18,1
3288,18,18,1
3289,18,18,1
3290,18,18,1
3291,18,18,1
3292,18,18,1
3293,18,18,1
3294,18,18,1
3295,18,18,1
3296,18,18,1
3297,18,18,1
3298,18,18,1
3299,18,18,1
3300,18,18,1
3301,18,18,1
3302,18,18,1
3303,18,18,1
3304,18,18,1
3305,18,18,1
3306,18,18,1
3307,18,18,1
3308,18,18,1
3309,18,18,1
3310,18,18,1
3311,18,18,1
3312,18,18,1
3313,19,19,1
3314,19,26,1
3315,19,19,1
3316,19,19,1
3317,19,19,1
3318,19,19,1
3319,19,19,1
3320,19,24,1
3321,19,19,1
3322,19,19,1
3323,19,19,1
3324,19,19,1
3325,19,19,1
3326,19,19,1
3327,19,19,1
3328,19,19,1
3329,19,19,1
3330,19,19,1
3331,19,19,1
3332,19,19,1
3333,19,19,1
3334,19,25,1
3335,19,19,1
3336,19,19,1
3337,19,19,1
3338,19,19,1
3339,19,19,1
3340,19,19,1
3341,19,19,1
3342,19,19,1
3343,19,19,1
3344,19,19,1
3345,20,20,1
3346,20,20,1
3347,20,20,1
3348,20,20,1
3349,20,20,1
3350,20,20,1
3351,20,20,1
3352,20,20,1
3353,20,20,1
3354,20,20,1
3355,20,20,1
3356,20,20,1
3357,20,20,1
3358,20,20,1
3359,20,20,1
3360,20,20,1
3361,21,21,1
3362,21,21,1
3363,21,21,1
3364,21,13,1
3365,21,21,1
3366,21,21,1
3367,21,21,1
3368,21,21,1
3369,21,21,1
3370,21,21,1
3371,21,21,1
3372,21,21,1
3373,21,21,1
3374,21,21,1
3375,21,21,1
3376,21,21,1
3377,21,21,1
3378,21,21,1
3379,21,21,1
3380,21,21,1
3381,22,22,1
3382,22,22,1
3383,22,22,1
3384,22,13,1
3385,22,13,1
3386,22,27,1
3387,22,22,1
3388,22,22,1
3389,22,14,1
3390,22,22,1
3391,22,22,1
3392,22,22,1
3393,22,22,1
3394,22,22,1
3395,22,22,1
3396,22,22,1
3397,22,22,1
3398,22,22,1
3399,22,22,1
3400,22,22,1
3401,22,22,1
3402,22,22,1
3403,22,22,1
3404,22,23,1
3405,22,20,1
3406,22,0,1
3407,22,28,1
3408,22,3,1
3409,22,22,1
3410,22,13,1
3411,23,23,1
3412,23,23,1
3413,23,23,1
3414,23,23,1
3415,23,8,1
3416,23,13,1
3417,23,3,1
3418,23,13,1
3419,23,26,1
3420,23,13,1
3421,23,28,1
3422,23,23,1
3423,23,23,1
3424,23,23,1
3425,23,23,1
3426,23,23,1
3427,23,23,1
3428,23,23,1
3429,23,23,1
3430,23,23,1
3431,23,23,1
3432,23,23,1
3433,23,23,1
3434,23,23,1
3435,23,23,1
3436,23,23,1
3437,23,23,1
3438,24,24,1
3439,24,24,1
3440,24,24,1
3441,24,24,1
3442,24,24,1
3443,24,24,1
3444,24,24,1
3445,24,24,1
3446,24,24,1
3447,24,13,1
3448,24,24,1
3449,24,24,1
3450,24,24,1
3451,24,24,1
3452,24,24,1
3453,24,24,1
3454,24,24,1
3455,24,24,1
3456,24,24,1
3457,24,28,1
3458,24,24,1
3459,24,24,1
3460,24,24,1
3461,24,24,1
3462,24,24,1
3463,24,24,1
3464,24,24,1
3465,24,24,1
3466,24,24,1
3467,24,24,1
3468,24,24,1
3469,24,24,1
3470,24,14,1
3471,24,24,1
3472,24,24,1
3473,24,24,1
3474,24,23,1
3475,24,24,1
3476,24,24,1
3477,24,24,1
3478,25,25,1
3479,25,25,1
3480,25,25,1
3481,25,25,1
3482,25,25,1
3483,25,25,1
3484,25,25,1
3485,25,25,1
3486,25,25,1
3487,25,25,1
3488,25,25,1
3489,26,26,1
3490,26,26,1
3491,26,26,1
3492,26,26,1
3493,26,26,1
3494,26,26,1
3495,26,26,1
3496,26,26,1
3497,26,26,1
3498,26,26,1
3499,26,26,1
3500,26,26,1
3501,26,26,1
3502,26,26,1
3503,26,26,1
3504,26,26,1
3505,26,26,1
3506,26,26,1
3507,26,26,1
3508,26,26,1
3509,26,26,1
3510,26,26,1
3511,26,26,1
3512,26,26,1
3513,26,26,1
3514,27,27,1
3515,27,27,1
3516,27,27,1
3517,27,27,1
3518,27,27,1
3519,27,27,1
3520,27,27,1
3521,27,27,1
3522,27,27,1
3523,27,27,1
3524,27,27,1
3525,27,27,1
3526,27,27,1
3527,27,27,1
3528,27,27,1
3529,27,27,1
3530,27,27,1
3531,27,27,1
3532,27,27,1
3533,27,27,1
3534,27,27,1
3535,27,27,1
3536,27,27,1
3537,27,27,1
3538,27,27,1
3539,27,27,1
3540,27,27,1
3541,27,27,1
3542,27,27,1
3543,27,27,1
3544,28,28,1
3545,28,28,1
3546,28,27,1
3547,28,28,1
3548,28,24,1
3549,28,28,1
3550,28,28,1
3551,28,28,1
3552,28,28,1
3553,28,28,1
3554,28,28,1
3555,28,28,1
3556,28,28,1
3557,28,28,1
3558,28,28,1
3559,28,28,1
3560,28,28,1
3561,28,28,1
3562,28,28,1
3563,28,28,1
3564,28,28,1
3565,28,28,1
3566,28,28,1
3567,28,28,1
3568,29,29,1
3569,29,29,1
3570,29,29,1
3571,29,29,1
3572,29,29,1
3573,29,29,1
3574,29,29,1
3575,29,29,1
3576,29,29,1
3577,29,29,1
3578,29,29,1
3579,29,29,1
3580,29,29,1
3581,29,7,1
3582,29,7,1
3583,29,29,1
3584,29,29,1
3585,29,29,1
3586,29,19,1
3587,29,29,1
3588,29,29,1
3589,29,29,1
3590,29,29,1
3591,30,30,1
3592,30,30,1
3593,30,30,1
3594,30,7,1
3595,30,30,1
3596,30,30,1
3597,30,30,1
3598,30,30,1
3599,30,30,1
3600,30,30,1
3601,30,30,1
3602,30,30,1
3603,30,30,1
3604,30,30,1
3605,30,30,1
3606,30,30,1
3607,30,30,1
3608,30,30,1
3609,30,30,1
3610,30,30,1
3611,30,30,1
